1 232 3
0 0 800 600 29 28
1 1 1 1 1 1 1 1 1 0 0 0 1 0 1 0 0 0 1 1 1 1 1 1 1 1 1 1 
1 2 2 2 2 2 2 3 1 0 0 0 1 2 1 0 0 0 1 3 2 2 2 2 2 2 2 1 
1 2 1 1 1 1 1 2 1 0 0 0 1 2 1 0 0 0 1 2 1 1 1 1 1 1 2 1 
1 2 1 0 0 0 1 2 1 1 1 1 1 2 1 1 1 1 1 2 1 0 0 0 0 1 2 1 
1 2 1 1 1 1 1 2 2 2 2 2 2 2 2 2 2 2 2 2 1 1 1 1 1 1 2 1 
1 2 2 2 2 2 2 2 1 1 1 1 1 2 1 1 1 1 1 2 2 2 2 2 2 2 2 1 
1 2 1 1 1 1 1 2 2 2 2 2 2 2 2 2 2 2 2 2 1 1 1 1 1 1 0 1 
1 2 1 1 1 1 1 1 2 1 1 1 1 0 1 1 1 1 1 2 1 1 1 1 1 1 0 1 
1 2 2 2 2 2 2 2 2 1 1 1 1 0 1 1 1 1 1 2 2 2 2 0 0 0 0 1 
1 1 1 1 2 1 1 1 2 1 0 0 0 0 0 0 0 0 1 2 1 1 1 0 1 1 1 1 
0 0 0 1 2 1 0 1 2 1 0 1 1 4 4 1 1 0 1 2 1 0 1 0 1 0 0 0 
0 0 0 1 2 1 0 1 2 1 0 1 0 0 0 0 1 0 1 2 1 0 1 0 1 0 0 0 
0 0 0 1 2 1 0 1 2 3 0 1 5 6 7 8 1 0 3 2 1 0 1 0 1 0 0 0 
1 1 1 1 2 1 1 1 2 1 0 1 1 4 4 1 1 0 1 2 1 1 1 0 1 1 1 1 
0 2 2 2 2 2 2 2 2 1 0 0 0 0 0 0 0 0 1 2 2 2 2 0 2 2 2 0 
1 1 1 1 2 1 1 1 2 1 1 1 1 1 0 1 1 1 1 2 1 1 1 0 1 1 1 1 
0 0 0 1 2 1 1 1 2 1 1 1 1 1 0 1 1 1 1 2 1 1 1 0 1 0 0 0 
0 0 0 1 2 2 2 2 2 2 2 2 2 2 2 2 2 2 2 2 2 2 2 0 1 0 0 0 
0 0 0 1 2 1 1 1 1 1 2 1 1 1 1 1 1 2 1 1 1 1 1 0 1 0 0 0 
0 0 0 1 2 1 0 0 0 1 2 1 0 0 0 0 1 2 1 0 0 0 1 0 1 0 0 0 
1 1 1 1 2 1 1 1 1 1 2 1 1 1 1 1 1 2 1 1 1 1 1 0 1 1 1 1 
1 2 2 2 2 2 2 2 2 2 2 2 2 9 0 0 0 0 0 0 0 0 0 0 2 2 3 1 
1 2 1 2 1 1 1 1 1 1 1 1 1 2 1 1 1 1 1 1 1 1 1 1 2 1 2 1 
1 2 1 2 1 2 2 2 2 2 2 2 2 2 2 2 2 2 2 2 2 2 2 1 2 1 2 1 
1 2 2 3 1 2 1 2 1 1 1 1 1 2 1 1 1 1 1 2 1 1 2 1 2 2 2 1 
1 2 1 1 1 2 1 2 1 0 0 0 1 2 1 0 0 0 1 2 1 1 2 1 1 1 2 1 
1 2 1 1 1 2 1 2 1 0 0 0 1 2 1 1 1 1 1 2 1 1 2 1 1 1 2 1 
1 2 2 2 2 2 2 2 1 0 0 0 1 2 2 2 2 2 2 2 1 1 2 2 2 2 2 1 
1 1 1 1 1 1 1 1 1 0 0 0 1 0 1 1 1 1 1 1 1 1 1 1 1 1 1 1 

12
2 1 240 401 28 20 200 364 0 -1 0 8 
715
2 1 236 387 28 20 200 392 0 1 0 8 
715
1 228 409 28 20 240 336 0 -1 0 0 
1 426 364 28 20 240 364 -1 0 0 2 
1 265 380 28 20 240 392 -1 0 0 4 
1 236 415 28 20 240 420 0 1 0 6 
2 1 233 420 28 20 260 364 -1 0 0 8 
715
2 1 160 543 28 20 260 392 0 1 0 8 
715
0 128 728 28 20 420 364 -1 0 0 10 -1 0
1 198 368 28 20 221 388 -1 0 0 0 
1 340 443 28 20 243 392 0 1 0 0 
1 340 402 28 20 226 368 0 1 0 0 
